[39m[38;2;215;123;138m@[38;2;236;134;149m@@@@@@@@@@@@@@@@@@@@@@[38;2;238;142;144m@[38;2;241;158;133m@[38;2;244;168;126m@@@@@@@@@@@@[38;2;243;170;127m@[38;2;240;189;142m@[38;2;237;208;155m@[38;2;237;211;158m@@@@@@@@@@@@[38;2;218;212;155m@[38;2;185;215;151m@ [39m
[38;2;215;123;138m@[38;2;236;134;149m@@@@@@@@@@@@@@@@@@@[38;2;236;135;148m@[38;2;239;149;139m@[38;2;243;164;128m@[38;2;244;168;126m@@@@@@@@@@@@[38;2;242;178;133m@[38;2;239;198;149m@[38;2;237;211;158m@@@@@@@@@@@@[38;2;234;211;158m@[38;2;202;214;153m@[38;2;171;216;149m@[38;2;165;217;148m@@ [39m
[38;2;215;123;138m@[38;2;236;134;149m@@@@@@@@@@@@@@@@@[38;2;237;140;145m@[38;2;241;157;133m@[38;2;244;168;126m@@@@@@@@@@@@[38;2;244;169;127m@[38;2;241;187;141m@[38;2;238;206;154m@[38;2;237;211;158m@@@[38;2;233;208;156m@[38;2;193;173;136m@[38;2;194;174;136mR[38;2;201;180;139m@[38;2;237;211;158m@@@@@[38;2;222;212;156m@[38;2;186;215;151m@[38;2;165;217;148m@@@@@ [39m
[38;2;215;123;138m@[38;2;236;134;149m@@@@@@@[38;2;159;96;113mE[38;2;138;86;102m~[38;2;140;87;104m"[38;2;98;67;83mT[38;2;137;86;103mT[38;2;170;102;119m7[38;2;170;103;119mM[38;2;188;111;127m@[38;2;238;147;139m@[38;2;243;163;129m@[38;2;244;168;126m@@@@@@@@@@@@[38;2;243;176;132m@[38;2;239;197;148m@[38;2;237;211;158m@@[38;2;229;204;154m@[38;2;166;150;121mR[38;2;151;137;114mT[38;2;104;97;90m~[38;2;36;39;58m::::[38;2;157;142;117m3[38;2;237;211;158m@[38;2;235;211;158m@[38;2;206;213;154m@[38;2;173;216;149m@[38;2;165;217;148m@@@@@@@ [39m
[38;2;215;123;138m@[38;2;236;134;149m@@@@@@[38;2;235;133;148m@[38;2;38;40;59m'[38;2;36;39;58m:::::::[38;2;94;73;74m`[38;2;149;108;93mT[38;2;185;131;106m@[38;2;228;157;120m@[38;2;214;149;116mR[38;2;186;132;107m#[38;2;176;126;104mM[38;2;181;129;105mF[38;2;165;118;98mF[38;2;177;126;104mT[38;2;176;125;103mTT[38;2;177;126;104mT[38;2;161;134;110mF[38;2;175;158;127mF[38;2;173;156;126mM[38;2;193;173;136mA[38;2;163;147;120mF[38;2;69;66;72m~[38;2;36;39;58m::::::::[38;2;171;196;141m@[38;2;165;217;148m@@@@@@@@@@ [39m
[38;2;215;123;138m@[38;2;236;134;149m@@@@@@@[38;2;89;64;82mr[38;2;36;39;58m::::::::::::::::::::::::::::::::::[38;2;148;195;136m$[38;2;165;217;148m@@@@@@@@@@ [39m
[38;2;215;123;138m@[38;2;236;134;149m@@@@@@@[38;2;160;98;112m@[38;2;36;39;58m::::::::::::::::::::::::::::::::::[38;2;158;208;143m@[38;2;165;217;148m@@@@@@@[38;2;164;216;150m@[38;2;149;208;180m@[38;2;130;198;216m@ [39m
[38;2;215;123;138m@[38;2;236;134;149m@@@@@[38;2;239;146;141m@[38;2;242;161;131m@[38;2;239;165;124m@[38;2;42;43;60m:[38;2;36;39;58m:::::::::::::::::::::::::::[38;2;70;74;96m_[38;2;36;39;58m:::::[38;2;98;125;99m~[38;2;124;162;119mR[38;2;165;216;148m@[38;2;165;217;148m@@@[38;2;159;214;160m@[38;2;139;203;198m@[38;2;124;195;226m@[38;2;124;195;227m@@ [39m
[38;2;215;123;138m@[38;2;236;134;149m@@[38;2;237;137;147m@[38;2;240;153;136m@[38;2;244;167;127m@[38;2;244;168;126m@[38;2;240;165;124m@[38;2;156;113;96mF[38;2;36;39;58m:::::::::::[38;2;116;122;148my[38;2;170;179;209mg[38;2;183;191;224m$[38;2;197;206;240m@[38;2;199;208;242m@[38;2;178;186;218m@[38;2;182;190;222mg[38;2;133;140;167my[38;2;36;39;58m::::::[38;2;149;156;185mg[38;2;174;182;213m@[38;2;200;209;243m@[38;2;198;207;240m@[38;2;201;210;244m@[38;2;188;197;230m@[38;2;165;173;203mg[38;2;99;104;129m_[38;2;36;39;58m:::[38;2;99;127;100m~[38;2;141;185;132m@[38;2;150;209;177m@[38;2;131;199;213m@[38;2;124;195;227m@@@@@ [39m
[38;2;215;123;138m@[38;2;238;144;142m@[38;2;242;160;131m@[38;2;244;168;126m@@@[38;2;239;165;124m@[38;2;106;81;79mF[38;2;36;39;58m:::::::::::[38;2;134;140;168mg[38;2;191;200;233m@[38;2;139;146;174mR[38;2;144;151;179mT[38;2;128;134;161mT[38;2;116;122;148mT[38;2;136;142;170mT[38;2;124;130;157m5[38;2;157;165;194m@[38;2;158;165;194m@[38;2;36;39;58m::::[38;2;130;136;163m4[38;2;132;139;166mM[38;2;115;121;147m~[38;2;50;54;73m`[38;2;36;39;58m:[38;2;38;41;60m`[38;2;71;76;97m"[38;2;116;122;148mT[38;2;141;148;176mF[38;2;36;39;58m::::[38;2;40;48;65m`[38;2;99;151;179m@[38;2;124;195;227m@@@@@@ [39m
[38;2;222;153;118m@[38;2;244;168;126m@@@@@[38;2;134;99;89mR[38;2;36;39;58m::::::::::::[38;2;125;131;157m`[38;2;38;41;60m`[38;2;36;39;58m:::::::[38;2;41;44;63m`[38;2;36;39;58m::::::::::::::::::[38;2;47;60;80m`[38;2;118;186;217m@[38;2;124;195;227m@@@@@ [39m
[38;2;223;154;117m@[38;2;244;168;126m@@@@[38;2;239;165;124m@[38;2;36;39;58m::::::::::::::::::::::::[38;2;146;153;181m#[38;2;197;206;239m@[38;2;201;210;244m@@[38;2;168;176;207m@[38;2;36;39;58m:::::::::::::[38;2;96;147;175m@[38;2;124;195;227m@@@@@ [39m
[38;2;223;154;117m@[38;2;244;168;126m@@@@[38;2;227;157;120m@[38;2;36;39;58m:::::::::::::::::::::::::[38;2;39;42;61m`[38;2;141;148;176m~[38;2;131;138;165my[38;2;139;146;173m_[38;2;117;123;149m_[38;2;147;154;183my[38;2;81;86;108mL[38;2;36;39;58m::::::::::[38;2;106;164;193m$[38;2;124;195;227m@@[38;2;130;192;228m@[38;2;165;175;237m@[38;2;194;160;244m@ [39m
[38;2;223;154;117m@[38;2;244;168;126m@@@@[38;2;239;167;126m@[38;2;36;39;58m::::::::::::::::::::::[38;2;111;117;142m7[38;2;156;163;192m#[38;2;155;162;192m$[38;2;166;173;204m@[38;2;161;169;199m@[38;2;141;147;175mP[38;2;157;164;194mF[38;2;137;144;172mM[38;2;160;168;197m~[38;2;36;39;58m::::::::::[38;2;72;105;129my[38;2;123;192;224m@[38;2;146;184;232m@[38;2;180;168;240m@[38;2;197;159;245m@@@ [39m
[38;2;223;154;117m@[38;2;244;168;126m@@[38;2;242;177;133m@[38;2;239;198;149m@[38;2;237;211;158m@[38;2;151;137;114m$[38;2;36;39;58m:::::::::::::::::::::::::::::::::::::::[38;2;95;95;135my[38;2;154;163;221m@[38;2;193;161;244m@[38;2;197;159;245m@@@@@ [39m
[38;2;223;155;118m@[38;2;241;187;140m@[38;2;238;206;154m@[38;2;237;211;158m@@@@[38;2;167;150;122mg[38;2;36;39;58m:::::::::::::::::::::::::::::::::::::[38;2;146;121;186mg[38;2;194;157;242m@[38;2;197;159;245m@@@@@@@ [39m
[38;2;216;193;146m@[38;2;237;211;158m@@@@@@@[38;2;205;183;141m@[38;2;143;130;110my[38;2;36;39;58m::::::::::::::::::::::::::::::::[38;2;122;102;157m_[38;2;144;119;184mg[38;2;184;149;230m@[38;2;197;159;245m@@@@@@@@@ [39m
[38;2;216;193;146m@[38;2;237;211;158m@@@@@@@@@[38;2;208;197;147m@[38;2;128;162;120mg[38;2;90;115;94my[38;2;36;39;58m::::::::::::::::::::::::::[38;2;46;46;69m:[38;2;138;114;176mg[38;2;167;136;210m$[38;2;197;159;245m@@@@@@@@@@@@ [39m
[38;2;216;193;146m@[38;2;237;211;158m@@@@@@[38;2;236;211;158m@[38;2;208;213;154m@[38;2;176;216;149m@[38;2;165;217;148m@@@[38;2;161;212;145m@[38;2;36;39;58m::::::::::::::[38;2;206;134;142m@[38;2;217;141;149m$[38;2;216;140;148mg[38;2;189;124;134my[38;2;120;85;98my[38;2;159;107;118ma[38;2;235;151;158mg[38;2;200;131;140m$[38;2;36;39;58m:::[38;2;77;68;104m"[38;2;193;156;240m@[38;2;197;159;245m@@@@@@@@@@@@@ [39m
[38;2;216;193;146m@[38;2;237;211;158m@@@@[38;2;227;212;157m@[38;2;191;215;152m@[38;2;166;217;148m@[38;2;165;217;148m@@@@@[38;2;111;143;109mP[38;2;36;39;58m::::::::::::::[38;2;204;133;141m@[38;2;237;152;159m@@@[38;2;198;129;138m@[38;2;199;130;139m@[38;2;236;151;158m@[38;2;232;149;156m@[38;2;36;39;58m::::[38;2;159;130;200m$[38;2;197;159;245m@@@@@@@@@@@@@ [39m
[38;2;216;193;146m@[38;2;237;211;158m@[38;2;236;211;158m@[38;2;211;213;154m@[38;2;178;216;150m@[38;2;165;217;148m@@@@@@@[38;2;153;201;139m@[38;2;36;39;58m:::::::::::::::[38;2;128;90;102m"[38;2;171;114;124mPF[38;2;160;108;119m~[38;2;36;39;58m::[38;2;54;47;64m`[38;2;114;80;93m`[38;2;36;39;58m::::[38;2;118;99;152ma[38;2;197;159;245m@@@@@@@@@@@@@ [39m
[38;2;208;193;145m@[38;2;195;214;152m@[38;2;166;217;148m@[38;2;165;217;148m@@@@@@@@@[38;2;110;142;109mE[38;2;36;39;58m:::::::::::::::::::::::::::[38;2;100;86;132m4[38;2;197;159;245m@@@@@@@@@@@@@ [39m